det_size_cm = 2.400000
det_from_sample_cm = 3.000000
det_coord_cm_cm = [[ 0.007 -0.05   0.007]
 [ 0.007 -0.05  -0.007]
 [-0.007 -0.05   0.007]
 [-0.007 -0.05  -0.007]]
sample_size_n = 44.000000
sample_size_cm = 0.007000
sample_height_n = 20.000000
